010   0.000650   11.688000   7.563455
020   4.174563   5.844000   15.160113
030   5.878310   3.896000   22.824515
100
001   1.864782   3.820000   23.284905
110   0.715958   3.693508   24.094098
011   0.684871   3.630991   24.515334
120   0.505856   3.239939   27.529209
021   0.488050   3.197494   27.901994
040   0.659107   2.922000   30.594022
130   47.884717   2.753827   32.512543
031   100.000000   2.727621   32.833702
101
111   1.956344   2.655297   33.754416
121   0.015372   2.470889   36.358261
050   0.202181   2.337600   38.510653
140
041   0.194220   2.320872   38.799293
131   14.041725   2.233874   40.374706
150   0.123515   2.004067   45.245626
051   0.136843   1.993898   45.489259
141
060   29.801352   1.948000   46.623531
200
210   0.007571   1.920056   47.343163
002   13.966188   1.910000   47.607770
012   0.007528   1.884997   48.279156
220   0.282080   1.846754   49.344837
022   0.264997   1.815495   50.252830
151   0.487444   1.774670   51.492323
160   1.409535   1.742076   52.528582
230
061   1.072703   1.735384   52.746716
201
211   1.501135   1.715540   53.404887
032
102
112   0.145235   1.696577   54.050040
221   0.136059   1.662651   55.245905
122   0.131538   1.645372   55.876571
240   0.173458   1.619970   56.831625
042   0.165059   1.598747   57.656267
161   38.519199   1.585033   58.202673
231
132   17.693054   1.569452   58.836899
250   0.006598   1.495815   62.043665
241   0.095681   1.491404   62.247584
052   0.099647   1.479059   62.825977
142
251   0.076805   1.392839   67.210347
152   0.075029   1.382633   67.773364
260   8.732936   1.376913   68.093367
062   16.861188   1.363810   68.838913
202
212   0.011998   1.354115   69.402055
222   0.164479   1.327649   70.991576
300   0.134041   1.297667   72.891098
261   0.534124   1.295335   73.043489
310   0.030195   1.289742   73.411948
162   1.273799   1.287114   73.586479
232
003   0.128839   1.273333   74.516846
320   0.028601   1.266811   74.966272
013   0.028535   1.265844   75.033471
023   0.027109   1.244143   76.576091
242   0.127426   1.235445   77.214394
330   3.936278   1.231169   77.532483
301   4.269202   1.228706   77.717065
311   0.122780   1.221973   78.226747
033   7.805103   1.210330   79.125856
103
113   0.116821   1.203804   79.640068
321   0.010474   1.202417   79.750313
340   0.023671   1.185973   81.084134
123   0.010300   1.185095   81.156832
252   0.010226   1.177653   81.778474
331   1.514577   1.171812   82.273955
043   0.022690   1.167312   82.660397
133   1.459971   1.155762   83.671493
350   0.021119   1.134571   85.602173
341   0.009800   1.132642   85.782976
053   0.030081   1.118200   87.165715
143
262   8.753951   1.116937   87.289045
351   0.087011   1.087613   90.273200
360   0.198402   1.079980   91.089953
153   0.084609   1.074743   91.660437
302   0.197340   1.073371   91.811361
312   0.037165   1.068873   92.310176
063   0.392434   1.065831   92.651214
203
213   0.036688   1.061184   93.178057
322   0.036364   1.055712   93.807824
223   0.035948   1.048301   94.677093
361   5.545945   1.039245   95.766326
332   5.082620   1.034816   96.310224
163   10.479440   1.028000   97.162240
233
342   0.034137   1.007543   99.835139
243   0.033932   1.001095   100.716156
352   0.033366   0.975452   104.425240
400   1.711567   0.973250   104.760279
410   0.037858   0.969893   105.276400
253
420   0.036144   0.960028   106.832612
004   1.698171   0.955000   107.649366
014   0.004614   0.951828   108.173249
430   0.258678   0.944234   109.455714
401   0.200770   0.943121   109.647039
024   0.036079   0.942498   109.754599
362   0.436687   0.940103   110.170801
411
263   0.406709   0.934859   111.097111
421   0.033531   0.931075   111.778912
034   0.470952   0.927541   112.426241
104
114   0.033708   0.924594   112.974089
440   0.036376   0.923377   113.202392
431   4.806886   0.916646   114.489571
124   0.034015   0.916035   114.608503
303   2.619564   0.908864   116.030921
044   0.036961   0.907748   116.256849
313   0.074085   0.906128   116.587016
134   4.897914   0.902284   117.381767
450   0.005010   0.898487   118.182595
323   0.010031   0.898068   118.271966
441   0.035015   0.897528   118.387333
333   1.251008   0.885099   121.141866
054   0.041313   0.884068   121.379126
144
451   0.037085   0.874620   123.623454
460   3.763434   0.870635   124.609928
343   0.011035   0.867852   125.314279
402   3.806440   0.867162   125.490867
412   0.011174   0.864785   126.105469
154   0.038759   0.862118   126.807048
422   0.084062   0.857770   127.979130
064   7.894817   0.857497   128.053861
204
214   0.011678   0.855072   128.725152
461   0.547728   0.848867   130.499077
224   0.087782   0.848289   130.668848
353   0.088316   0.847090   131.023136
432   0.704295   0.846448   131.214200
164   1.339706   0.837423   134.013309
234
442   0.097139   0.831326   136.036158
363   7.300607   0.823630   138.769752
244   0.103919   0.822686   139.120681
452   0.015984   0.813023   142.947218
254   0.017717   0.804936   146.552632
462   14.699849   0.792213   153.352677
264   18.151692   0.784726   158.449756
500   0.438604   0.778600   163.860259
510   0.070143   0.776878   165.763033
403   1.590520   0.773248   171.048480
520   0.181708   0.771780   174.494969
413   0.418491   0.771561   175.219067
